 1 21120231 11111032
 2 22110123 11111032 
 3 11101302 11110132 
 4 20222031 11111023 
 5 11103210 11003021
 6 20223210 1100231
 7 11013210 110312
 8  2223210 10011320
 9 22201203 110231   
10 10111032 10010123
11 11012031 11001023
12 22201302 10013120
13 11013021 10102013
14 22201203 10102130
15 11103210 10103102
16 20223210 10102130
17  2101320 11110231
18 12002130 11110231
19   120321 11111230
20     1302 11111230
21 12210123 1320
22 22113210 1203
23   210312 123
24 10202013 123
25 20013021 123
26 20223210 3021
27 11103210 231
28      123 113102
29 21000213 1101023
30   123120 11000213
31  2010132 10010132
32 10200132 11000213
33 10202013 10102130
34   122130 10103102
35  1202301 11003021
36  1202013 10013210
37  1203201 111302
38 10023102 111032
39 10021023 10103120
40  2101023 10101023
41   210231 11002301 
42 12001320 1102301
43  1021032 10012130
44 20101032 11002013
45 20101032 10102130
46  1021032 1010231
47 22110123 10012130
48 22110123 113102
49 11223210 10013102
50 22113210 11001203
51 22110123 10101203
52 11221032 1010123
53 12210123 10011320
54 12210123 110312
55 21123102 1011203
56 21121320 10102130 
57      123 10102130
2702 11013210 1320
